%YAML:1.0
---
ArmTipToMarkerTagTransform: !!opencv-matrix
   rows: 4
   cols: 4
   dt: d
   data: [ -9.8070575963746975e-01, 1.8408167030060724e-01,
       6.5803887979601350e-02, 7.8462443596179002e-03,
       4.9926199062053020e-02, -8.9600998786831365e-02,
       9.9472560822752454e-01, 8.3531588496032982e-02,
       1.8900684554033920e-01, 9.7881847125794519e-01,
       7.8681717464412104e-02, -8.7184693633301849e-03, 0., 0., 0., 1. ]
