%YAML:1.0
---
ArmTipToMarkerTagTransform: !!opencv-matrix
   rows: 4
   cols: 4
   dt: d
   data: [ -9.8070575963746975e-01, 1.8408167030060724e-01,
       6.5803887979601350e-02, 7.8462443596179002e-03,
       4.9926199062053020e-02, -8.9600998786831365e-02,
       9.9472560822752454e-01, 8.3531588496032982e-02,
       1.8900684554033920e-01, 9.7881847125794519e-01,
       7.8681717464412104e-02, -8.7184693633301849e-03, 0., 0., 0., 1. ]
initial_cost: 9.6952771603052695e-04
final_cost: 6.0056906684146673e-04
change_cost: 3.6895864918906022e-04
termination_type: 0
num_succefull_iteration: 73
num_unsuccefull_iteration: 11
num_iteration: 84
