%YAML:1.0
ArmTipToMarkerTagTransform: !!opencv-matrix
   rows: 4
   cols: 4
   dt: d
   data: [ -9.8070575963631823e-01, 1.8408167030763845e-01,
       6.5803887977102210e-02, 7.8462443728871626e-03,
       4.9926199058270462e-02, -8.9600998790324127e-02,
       9.9472560822739997e-01, 8.3531588490550035e-02,
       1.8900684554731625e-01, 9.7881847125630339e-01,
       7.8681717468079060e-02, -8.7184693633055727e-03, 0., 0., 0., 1. ]
