%YAML:1.0
frameCount: 42
T1_0: !!opencv-matrix
   rows: 4
   cols: 4
   dt: d
   data: [ 6.3848318753984534e-01, 7.6753379672568189e-01,
       5.6842678621069898e-02, 6.1211838349307879e-01,
       8.5022879393997774e-03, 6.6817928900269719e-02,
       -9.9772895892485458e-01, -3.9910451893784837e-02,
       -7.6958880600535906e-01, 6.3751645881603558e-01,
       3.6136330886072487e-02, 2.6138077789285857e-01, 0., 0., 0., 1. ]
T2_0: !!opencv-matrix
   rows: 4
   cols: 4
   dt: d
   data: [ -1.6438553297344516e-01, -2.1382562129914787e-01,
       -9.6294132750914263e-01, 7.6429097541348479e-01,
       1.6187521450743705e-01, 9.5713857396582280e-01,
       -2.4017111640420524e-01, -1.2248900657489320e-01,
       9.7302302720809630e-01, -1.9535699092355124e-01,
       -1.2272666629582951e-01, 2.0038531707099566e-01, 0., 0., 0., 1. ]
T1_1: !!opencv-matrix
   rows: 4
   cols: 4
   dt: d
   data: [ 4.3398081832254742e-01, 7.7565092712330752e-01,
       -4.5828625179122018e-01, 6.1283014796814927e-01,
       -5.7852088556437853e-01, -1.5002252538156835e-01,
       -8.0175234757619762e-01, -2.5146322526561027e-01,
       -6.9063321256213805e-01, 6.1307330812137817e-01,
       3.8362336291629895e-01, 2.2186600226271475e-01, 0., 0., 0., 1. ]
T2_1: !!opencv-matrix
   rows: 4
   cols: 4
   dt: d
   data: [ -1.2727684247071736e-01, -1.1145488987105887e-01,
       -9.8558531487361067e-01, 7.5288053482969475e-01,
       -4.6475865455290843e-01, 8.8453301466679013e-01,
       -4.0009236216782040e-02, 1.1787382080685993e-01,
       8.7624197479283916e-01, 4.5296705563242690e-01,
       -1.6438019382770963e-01, 1.4745058062830602e-01, 0., 0., 0., 1. ]
T1_2: !!opencv-matrix
   rows: 4
   cols: 4
   dt: d
   data: [ 7.0984860628189783e-01, 6.6128618536099260e-01,
       2.4251914813134687e-01, 6.0335400856757992e-01,
       4.8366851740993688e-01, -2.0733513896525313e-01,
       -8.5033928841182727e-01, -2.2626070770572668e-01,
       -5.1203488301689049e-01, 7.2091103556608571e-01,
       -4.6701986828497244e-01, 2.0312191104126903e-01, 0., 0., 0., 1. ]
T2_2: !!opencv-matrix
   rows: 4
   cols: 4
   dt: d
   data: [ -1.3273977751775412e-03, 2.8712926546781148e-03,
       -9.9999499683430293e-01, 7.7587935883755466e-01,
       6.4785262963688284e-01, 7.6176453616202044e-01,
       1.3272974187422681e-03, 8.9431525593282282e-02,
       7.6176453598715299e-01, -6.4784762647118888e-01,
       -2.8713390473009692e-03, 1.5954063138024788e-01, 0., 0., 0., 1. ]
T1_3: !!opencv-matrix
   rows: 4
   cols: 4
   dt: d
   data: [ 4.5660813526951416e-01, 8.8412126098364463e-01,
       -9.9189750893866613e-02, 4.4318164376385522e-01,
       2.8523584296353882e-01, -2.5108547100821399e-01,
       -9.2498464859556617e-01, -1.9203411878598281e-01,
       -8.4270369922919919e-01, 3.9406304333859282e-01,
       -3.6683074186898490e-01, 2.3098284765602140e-01, 0., 0., 0., 1. ]
T2_3: !!opencv-matrix
   rows: 4
   cols: 4
   dt: d
   data: [ -3.7837570435560930e-01, 1.7405385757319353e-01,
       -9.0914084773333503e-01, 8.7928394255814746e-01,
       3.4882640932450210e-01, 9.3656582448526637e-01,
       3.4126127292855774e-02, 8.8248333117844413e-02,
       8.5741003172996033e-01, -3.0421984003368963e-01,
       -4.1508833568133996e-01, 2.5288108487923988e-01, 0., 0., 0., 1. ]
T1_4: !!opencv-matrix
   rows: 4
   cols: 4
   dt: d
   data: [ 3.2321057587172808e-01, 9.4059903114831633e-01,
       1.0396338897667068e-01, 2.4884939746333209e-01,
       -6.8963145121384795e-02, 1.3297903761983765e-01,
       -9.8871667335423674e-01, -1.7324178812175484e-01,
       -9.4381089645099592e-01, 3.1239404308749297e-01,
       1.0784689881409126e-01, 2.4185971422414310e-01, 0., 0., 0., 1. ]
T2_4: !!opencv-matrix
   rows: 4
   cols: 4
   dt: d
   data: [ -5.0551440597578279e-01, -2.8428049805224787e-01,
       -8.1464089252757099e-01, 1.0134972233343071e+00,
       -2.3583066562673255e-02, 9.4836256633022442e-01,
       -3.1631041992803721e-01, 7.1415086879465545e-02,
       8.6249581119124974e-01, -1.4068774364071890e-01,
       -4.8611514527612854e-01, 3.8587125418923546e-01, 0., 0., 0., 1. ]
T1_5: !!opencv-matrix
   rows: 4
   cols: 4
   dt: d
   data: [ 4.6462039997667426e-01, 8.8283980122743344e-01,
       6.8715131479326397e-02, 4.3209314958288836e-01,
       5.2513689083139081e-02, 4.9992475080368637e-02,
       -9.9736806891649499e-01, -3.1921019049209259e-01,
       -8.8395146721095197e-01, 4.6700603615375741e-01,
       -2.3133651064212835e-02, 1.7880549363186879e-01, 0., 0., 0., 1. ]
T2_5: !!opencv-matrix
   rows: 4
   cols: 4
   dt: d
   data: [ -3.9544068767064333e-01, -1.9747784906803897e-01,
       -8.9701123831423069e-01, 9.0299401315827044e-01,
       1.4560000583881863e-01, 9.5078732700220536e-01,
       -2.7350337678306175e-01, 1.9043148821682490e-01,
       9.0687777612769016e-01, -2.3875920493137490e-01,
       -3.4722721844094107e-01, 2.1777869054342780e-01, 0., 0., 0., 1. ]
T1_6: !!opencv-matrix
   rows: 4
   cols: 4
   dt: d
   data: [ -1.5396306587705078e-01, 9.5998317706690339e-01,
       2.3393946673076244e-01, 3.7135785238241420e-01,
       2.8356068722825034e-02, 2.4095780459242178e-01,
       -9.7012126549859057e-01, -2.0185222557791649e-01,
       -9.8766963490446824e-01, -1.4272924071308879e-01,
       -6.4319951283717591e-02, 2.8253848964367545e-01, 0., 0., 0., 1. ]
T2_6: !!opencv-matrix
   rows: 4
   cols: 4
   dt: d
   data: [ -8.2470745714665439e-01, -2.3858428242664070e-01,
       -5.1277202566605062e-01, 9.3486419577657420e-01,
       -1.3886977777291351e-02, 9.1493247245091103e-01,
       -4.0336797431511079e-01, 6.5754951282783969e-02,
       5.6538903595216006e-01, -3.2553972266657077e-01,
       -7.5786484744396199e-01, 2.9879361243895586e-01, 0., 0., 0., 1. ]
T1_7: !!opencv-matrix
   rows: 4
   cols: 4
   dt: d
   data: [ 4.1846201263631722e-01, 8.0981028405799971e-01,
       4.1121387113552532e-01, 5.9394852979338830e-01,
       -2.5015448816887598e-01, 5.3801619547064794e-01,
       -8.0496043720188959e-01, -2.2829125113864476e-01,
       -8.7310496277900640e-01, 2.3397836918226311e-01,
       4.2771701711000254e-01, 2.8550459676291806e-01, 0., 0., 0., 1. ]
T2_7: !!opencv-matrix
   rows: 4
   cols: 4
   dt: d
   data: [ -3.6702646572442355e-01, -7.0143638782262951e-01,
       -6.1096527503302556e-01, 7.6270618332016715e-01,
       -1.9737219242928122e-01, 7.0057133630548918e-01,
       -6.8574340711581028e-01, 2.1833835254326472e-02,
       9.0903013762663420e-01, -1.3109842327611310e-01,
       -3.9557225926626827e-01, 1.8396962364962344e-01, 0., 0., 0., 1. ]
T1_8: !!opencv-matrix
   rows: 4
   cols: 4
   dt: d
   data: [ 6.7722361586317736e-01, 7.3104685780115974e-01,
       8.3298654348401668e-02, 6.4273474424143617e-01,
       -4.9406130973243401e-01, 5.3571225654360066e-01,
       -6.8477426967902011e-01, -2.5237284192040393e-01,
       -5.4522618823995928e-01, 4.2259066469577189e-01,
       7.2397895947970081e-01, 2.2594801428599892e-01, 0., 0., 0., 1. ]
T2_8: !!opencv-matrix
   rows: 4
   cols: 4
   dt: d
   data: [ 9.7600025589191342e-02, -6.8945568626337983e-01,
       -7.1772215493468028e-01, 7.5388660438445798e-01,
       -3.4619667243391089e-01, 6.5260665718934119e-01,
       -6.7398250347308075e-01, 4.2967196193363325e-02,
       9.3307132578419572e-01, 3.1425373135612200e-01,
       -1.7499283793366427e-01, 1.2570058299780107e-01, 0., 0., 0., 1. ]
T1_9: !!opencv-matrix
   rows: 4
   cols: 4
   dt: d
   data: [ 6.1238673081620831e-01, 7.6332586042198636e-01,
       2.0570882997885853e-01, 6.3767145241081302e-01,
       1.6423859575423833e-01, 1.3168886745408359e-01,
       -9.7759077627263691e-01, -8.8531867622109572e-02,
       -7.7330988328412875e-01, 6.3244894892765446e-01,
       -4.4723052393507601e-02, 2.2753551165946798e-01, 0., 0., 0., 1. ]
