%YAML:1.0
frameCount: 42
T1_0: !!opencv-matrix
   rows: 4
   cols: 4
   dt: d
   data: [ 6.3848318753984534e-01, 7.6753379672568189e-01,
       5.6842678621069898e-02, 6.1211838349307879e-01,
       8.5022879393997774e-03, 6.6817928900269719e-02,
       -9.9772895892485458e-01, -3.9910451893784837e-02,
       -7.6958880600535906e-01, 6.3751645881603558e-01,
       3.6136330886072487e-02, 2.6138077789285857e-01, 0., 0., 0., 1. ]
T2_0: !!opencv-matrix
   rows: 4
   cols: 4
   dt: d
   data: [ -1.6438553297344516e-01, -2.1382562129914787e-01,
       -9.6294132750914263e-01, 7.6429097541348479e-01,
       1.6187521450743705e-01, 9.5713857396582280e-01,
       -2.4017111640420524e-01, -1.2248900657489320e-01,
       9.7302302720809630e-01, -1.9535699092355124e-01,
       -1.2272666629582951e-01, 2.0038531707099566e-01, 0., 0., 0., 1. ]
T1_1: !!opencv-matrix
   rows: 4
   cols: 4
   dt: d
   data: [ 4.3398081832254742e-01, 7.7565092712330752e-01,
       -4.5828625179122018e-01, 6.1283014796814927e-01,
       -5.7852088556437853e-01, -1.5002252538156835e-01,
       -8.0175234757619762e-01, -2.5146322526561027e-01,
       -6.9063321256213805e-01, 6.1307330812137817e-01,
       3.8362336291629895e-01, 2.2186600226271475e-01, 0., 0., 0., 1. ]
T2_1: !!opencv-matrix
   rows: 4
   cols: 4
   dt: d
   data: [ -1.2727684247071736e-01, -1.1145488987105887e-01,
       -9.8558531487361067e-01, 7.5288053482969475e-01,
       -4.6475865455290843e-01, 8.8453301466679013e-01,
       -4.0009236216782040e-02, 1.1787382080685993e-01,
       8.7624197479283916e-01, 4.5296705563242690e-01,
       -1.6438019382770963e-01, 1.4745058062830602e-01, 0., 0., 0., 1. ]
T1_2: !!opencv-matrix
   rows: 4
   cols: 4
   dt: d
   data: [ 7.0984860628189783e-01, 6.6128618536099260e-01,
       2.4251914813134687e-01, 6.0335400856757992e-01,
       4.8366851740993688e-01, -2.0733513896525313e-01,
       -8.5033928841182727e-01, -2.2626070770572668e-01,
       -5.1203488301689049e-01, 7.2091103556608571e-01,
       -4.6701986828497244e-01, 2.0312191104126903e-01, 0., 0., 0., 1. ]
T2_2: !!opencv-matrix
   rows: 4
   cols: 4
   dt: d
   data: [ -1.3273977751775412e-03, 2.8712926546781148e-03,
       -9.9999499683430293e-01, 7.7587935883755466e-01,
       6.4785262963688284e-01, 7.6176453616202044e-01,
       1.3272974187422681e-03, 8.9431525593282282e-02,
       7.6176453598715299e-01, -6.4784762647118888e-01,
       -2.8713390473009692e-03, 1.5954063138024788e-01, 0., 0., 0., 1. ]
T1_3: !!opencv-matrix
   rows: 4
   cols: 4
   dt: d
   data: [ 4.5660813526951416e-01, 8.8412126098364463e-01,
       -9.9189750893866613e-02, 4.4318164376385522e-01,
       2.8523584296353882e-01, -2.5108547100821399e-01,
       -9.2498464859556617e-01, -1.9203411878598281e-01,
       -8.4270369922919919e-01, 3.9406304333859282e-01,
       -3.6683074186898490e-01, 2.3098284765602140e-01, 0., 0., 0., 1. ]
T2_3: !!opencv-matrix
   rows: 4
   cols: 4
   dt: d
   data: [ -3.7837570435560930e-01, 1.7405385757319353e-01,
       -9.0914084773333503e-01, 8.7928394255814746e-01,
       3.4882640932450210e-01, 9.3656582448526637e-01,
       3.4126127292855774e-02, 8.8248333117844413e-02,
       8.5741003172996033e-01, -3.0421984003368963e-01,
       -4.1508833568133996e-01, 2.5288108487923988e-01, 0., 0., 0., 1. ]
T1_4: !!opencv-matrix
   rows: 4
   cols: 4
   dt: d
   data: [ 3.2321057587172808e-01, 9.4059903114831633e-01,
       1.0396338897667068e-01, 2.4884939746333209e-01,
       -6.8963145121384795e-02, 1.3297903761983765e-01,
       -9.8871667335423674e-01, -1.7324178812175484e-01,
       -9.4381089645099592e-01, 3.1239404308749297e-01,
       1.0784689881409126e-01, 2.4185971422414310e-01, 0., 0., 0., 1. ]
T2_4: !!opencv-matrix
   rows: 4
   cols: 4
   dt: d
   data: [ -5.0551440597578279e-01, -2.8428049805224787e-01,
       -8.1464089252757099e-01, 1.0134972233343071e+00,
       -2.3583066562673255e-02, 9.4836256633022442e-01,
       -3.1631041992803721e-01, 7.1415086879465545e-02,
       8.6249581119124974e-01, -1.4068774364071890e-01,
       -4.8611514527612854e-01, 3.8587125418923546e-01, 0., 0., 0., 1. ]
T1_5: !!opencv-matrix
   rows: 4
   cols: 4
   dt: d
   data: [ 4.6462039997667426e-01, 8.8283980122743344e-01,
       6.8715131479326397e-02, 4.3209314958288836e-01,
       5.2513689083139081e-02, 4.9992475080368637e-02,
       -9.9736806891649499e-01, -3.1921019049209259e-01,
       -8.8395146721095197e-01, 4.6700603615375741e-01,
       -2.3133651064212835e-02, 1.7880549363186879e-01, 0., 0., 0., 1. ]
T2_5: !!opencv-matrix
   rows: 4
   cols: 4
   dt: d
   data: [ -3.9544068767064333e-01, -1.9747784906803897e-01,
       -8.9701123831423069e-01, 9.0299401315827044e-01,
       1.4560000583881863e-01, 9.5078732700220536e-01,
       -2.7350337678306175e-01, 1.9043148821682490e-01,
       9.0687777612769016e-01, -2.3875920493137490e-01,
       -3.4722721844094107e-01, 2.1777869054342780e-01, 0., 0., 0., 1. ]
T1_6: !!opencv-matrix
   rows: 4
   cols: 4
   dt: d
   data: [ -1.5396306587705078e-01, 9.5998317706690339e-01,
       2.3393946673076244e-01, 3.7135785238241420e-01,
       2.8356068722825034e-02, 2.4095780459242178e-01,
       -9.7012126549859057e-01, -2.0185222557791649e-01,
       -9.8766963490446824e-01, -1.4272924071308879e-01,
       -6.4319951283717591e-02, 2.8253848964367545e-01, 0., 0., 0., 1. ]
T2_6: !!opencv-matrix
   rows: 4
   cols: 4
   dt: d
   data: [ -8.2470745714665439e-01, -2.3858428242664070e-01,
       -5.1277202566605062e-01, 9.3486419577657420e-01,
       -1.3886977777291351e-02, 9.1493247245091103e-01,
       -4.0336797431511079e-01, 6.5754951282783969e-02,
       5.6538903595216006e-01, -3.2553972266657077e-01,
       -7.5786484744396199e-01, 2.9879361243895586e-01, 0., 0., 0., 1. ]
T1_7: !!opencv-matrix
   rows: 4
   cols: 4
   dt: d
   data: [ 4.1846201263631722e-01, 8.0981028405799971e-01,
       4.1121387113552532e-01, 5.9394852979338830e-01,
       -2.5015448816887598e-01, 5.3801619547064794e-01,
       -8.0496043720188959e-01, -2.2829125113864476e-01,
       -8.7310496277900640e-01, 2.3397836918226311e-01,
       4.2771701711000254e-01, 2.8550459676291806e-01, 0., 0., 0., 1. ]
T2_7: !!opencv-matrix
   rows: 4
   cols: 4
   dt: d
   data: [ -3.6702646572442355e-01, -7.0143638782262951e-01,
       -6.1096527503302556e-01, 7.6270618332016715e-01,
       -1.9737219242928122e-01, 7.0057133630548918e-01,
       -6.8574340711581028e-01, 2.1833835254326472e-02,
       9.0903013762663420e-01, -1.3109842327611310e-01,
       -3.9557225926626827e-01, 1.8396962364962344e-01, 0., 0., 0., 1. ]
T1_8: !!opencv-matrix
   rows: 4
   cols: 4
   dt: d
   data: [ 6.7722361586317736e-01, 7.3104685780115974e-01,
       8.3298654348401668e-02, 6.4273474424143617e-01,
       -4.9406130973243401e-01, 5.3571225654360066e-01,
       -6.8477426967902011e-01, -2.5237284192040393e-01,
       -5.4522618823995928e-01, 4.2259066469577189e-01,
       7.2397895947970081e-01, 2.2594801428599892e-01, 0., 0., 0., 1. ]
T2_8: !!opencv-matrix
   rows: 4
   cols: 4
   dt: d
   data: [ 9.7600025589191342e-02, -6.8945568626337983e-01,
       -7.1772215493468028e-01, 7.5388660438445798e-01,
       -3.4619667243391089e-01, 6.5260665718934119e-01,
       -6.7398250347308075e-01, 4.2967196193363325e-02,
       9.3307132578419572e-01, 3.1425373135612200e-01,
       -1.7499283793366427e-01, 1.2570058299780107e-01, 0., 0., 0., 1. ]
T1_9: !!opencv-matrix
   rows: 4
   cols: 4
   dt: d
   data: [ 6.1238673081620831e-01, 7.6332586042198636e-01,
       2.0570882997885853e-01, 6.3767145241081302e-01,
       1.6423859575423833e-01, 1.3168886745408359e-01,
       -9.7759077627263691e-01, -8.8531867622109572e-02,
       -7.7330988328412875e-01, 6.3244894892765446e-01,
       -4.4723052393507601e-02, 2.2753551165946798e-01, 0., 0., 0., 1. ]
T2_9: !!opencv-matrix
   rows: 4
   cols: 4
   dt: d
   data: [ -1.7481309793316391e-01, -2.6364689817787051e-01,
       -9.4864676981065921e-01, 7.6548234488046651e-01,
       2.9723938080400730e-01, 9.0439871456603982e-01,
       -3.0612369328515748e-01, -8.7526600064678134e-02,
       9.3866348138737166e-01, -3.3548960963416202e-01,
       -7.9734500294773358e-02, 1.5507236364284016e-01, 0., 0., 0., 1. ]
T1_10: !!opencv-matrix
   rows: 4
   cols: 4
   dt: d
   data: [ 6.2405166335225037e-01, 7.7864407306951966e-01,
       -6.5367644450431805e-02, 6.8268403297352820e-01,
       -4.0702984875449372e-01, 2.5252488281807761e-01,
       -8.7781426610679436e-01, -1.9055577204444893e-01,
       -6.6699791880498660e-01, 5.7440803531237672e-01,
       4.7451995245552303e-01, 2.5344099960807659e-01, 0., 0., 0., 1. ]
T2_10: !!opencv-matrix
   rows: 4
   cols: 4
   dt: d
   data: [ -1.5626585610207577e-02, -4.4558198904348312e-01,
       -8.9510474295594045e-01, 7.0124208943657396e-01,
       -2.4393460806198486e-01, 8.6986334551536915e-01,
       -4.2875828518928394e-01, -5.5073650526468731e-04,
       9.6966577582784308e-01, 2.1164699659778496e-01,
       -1.2228586189467916e-01, 1.2836904658134085e-01, 0., 0., 0., 1. ]
T1_11: !!opencv-matrix
   rows: 4
   cols: 4
   dt: d
   data: [ 6.4356684655695839e-01, 7.6519122297160402e-01,
       1.7438643867953685e-02, 7.1278641219565775e-01,
       2.5416099454595381e-01, -1.9216091972864402e-01,
       -9.4787993426406758e-01, -3.1791277865900094e-02,
       -7.2195838028527926e-01, 6.1445632327795474e-01,
       -3.1815015938954572e-01, 2.2484084683863265e-01, 0., 0., 0., 1. ]
T2_11: !!opencv-matrix
   rows: 4
   cols: 4
   dt: d
   data: [ -9.8944681924328481e-02, 4.2320596344194272e-02,
       -9.9419259554875239e-01, 7.1835084033640095e-01,
       3.8767433596808709e-01, 9.2179616960000199e-01,
       6.5646208350433888e-04, -1.2533516689357849e-01,
       9.1647070828837529e-01, -3.8535800087170385e-01,
       -1.0761343788564548e-01, 1.0181226914742508e-01, 0., 0., 0., 1. ]
T1_12: !!opencv-matrix
   rows: 4
   cols: 4
   dt: d
   data: [ 6.3168354299412821e-01, 7.7386735705515208e-01,
       4.5882624106073189e-02, 7.1812611459123021e-01,
       3.5124361876097454e-01, -2.3294229354469698e-01,
       -9.0684387198559779e-01, 1.1263715421383305e-01,
       -6.9108886678203740e-01, 5.8895432892764266e-01,
       -4.1896178423253527e-01, 2.4745137240023804e-01, 0., 0., 0., 1. ]
T2_12: !!opencv-matrix
   rows: 4
   cols: 4
   dt: d
   data: [ -1.1272031335658972e-01, 1.0045441344625983e-01,
       -9.8853580702772736e-01, 7.2285493688673497e-01,
       4.9519178401732145e-01, 8.6820294368940842e-01,
       3.1760755828355997e-02, -2.6748121390229390e-01,
       8.6144020570120527e-01, -4.8593472749764843e-01,
       -1.4760830807665082e-01, 1.2698446963671650e-01, 0., 0., 0., 1. ]
T1_13: !!opencv-matrix
   rows: 4
   cols: 4
   dt: d
   data: [ 2.1410406500150714e-01, 9.6878585619967039e-01,
       1.2495364811521811e-01, 5.2841163709975247e-01,
       8.2068825873266615e-01, -1.0903245343777690e-01,
       -5.6087672983970649e-01, 4.7474575967831709e-02,
       -5.2974544012022839e-01, 2.2263397971740587e-01,
       -8.1841546890745831e-01, 2.4519759244139688e-01, 0., 0., 0., 1. ]
T2_13: !!opencv-matrix
   rows: 4
   cols: 4
   dt: d
   data: [ -3.5462356330731515e-01, 4.3351501519737978e-01,
       -8.2843639462884422e-01, 8.6212345479447183e-01,
       8.5651956929748974e-01, 5.0595917581587724e-01,
       -1.0188002659089157e-01, -1.8544631290950878e-01,
       3.7498847416642694e-01, -7.4570104197736897e-01,
       -5.5073913991671297e-01, 2.1672057388005461e-01, 0., 0., 0., 1. ]
T1_14: !!opencv-matrix
   rows: 4
   cols: 4
   dt: d
   data: [ 5.9326297313897991e-01, 7.9897091235080131e-01,
       9.8409988921989711e-02, 6.3369601867322101e-01,
       3.6342293053478603e-01, -1.5674052433558838e-01,
       -9.1834426093514243e-01, -1.4342277756214772e-01,
       -7.1830551874798099e-01, 5.8058409317542714e-01,
       -3.8335269985727383e-01, 2.1525260292374992e-01, 0., 0., 0., 1. ]
T2_14: !!opencv-matrix
   rows: 4
   cols: 4
   dt: d
   data: [ -1.7739474749469397e-01, 4.1662253576010083e-02,
       -9.8325752485717721e-01, 7.6390758798056080e-01,
       5.0126340120676949e-01, 8.6361795255406348e-01,
       -5.3842684154381815e-02, -4.0350792981432987e-03,
       8.4691564289007870e-01, -5.0242242053206132e-01,
       -1.7408505155466258e-01, 1.3533370476675571e-01, 0., 0., 0., 1. ]
T1_15: !!opencv-matrix
   rows: 4
   cols: 4
   dt: d
   data: [ 7.7139682734018944e-01, 2.8116326013825260e-01,
       -5.7087140050795970e-01, 7.7692310889774596e-01,
       -5.2250440997335224e-01, -2.3220939564120457e-01,
       -8.2040717825622755e-01, 3.6918394128140131e-02,
       -3.6323005978014689e-01, 9.3114231872704389e-01,
       -3.2216547731486189e-02, 1.7174152887950339e-01, 0., 0., 0., 1. ]
T2_15: !!opencv-matrix
   rows: 4
   cols: 4
   dt: d
   data: [ 3.7344914840878318e-01, 2.5727712692100790e-01,
       -8.9125990233827213e-01, 7.2635872071736740e-01,
       -3.1825040479504085e-01, 9.3799428977389954e-01,
       1.3741685558675268e-01, -1.8201053153507893e-01,
       8.7135091289362143e-01, 2.3232561700085810e-01,
       4.3217171851548009e-01, 8.4173591163944517e-02, 0., 0., 0., 1. ]
T1_16: !!opencv-matrix
   rows: 4
   cols: 4
   dt: d
   data: [ 5.9232009551171028e-01, 3.1211519839712881e-01,
       -7.4279270821846333e-01, 7.5683226203399057e-01,
       -7.6690451983616814e-01, -6.4235023214675113e-02,
       -6.3853842425297036e-01, -1.8003196716426165e-01,
       -2.4701085382601026e-01, 9.4787022567550405e-01,
       2.0131486127460729e-01, 1.9835172329217612e-01, 0., 0., 0., 1. ]
T2_16: !!opencv-matrix
   rows: 4
   cols: 4
   dt: d
   data: [ 3.5259030523992241e-01, 2.5301797810869814e-01,
       -9.0092284875265805e-01, 6.8607407513959873e-01,
       -6.2179624602887129e-01, 7.8282645458973787e-01,
       -2.3498306723347129e-02, 2.0498907751415316e-02,
       6.9932074549181056e-01, 5.6847572045624561e-01,
       4.3334264753948559e-01, 9.8288407526266497e-02, 0., 0., 0., 1. ]
T1_17: !!opencv-matrix
   rows: 4
   cols: 4
   dt: d
   data: [ 7.8634094545084210e-01, 4.3963655268214408e-01,
       4.3403642595205777e-01, 7.7038406912056034e-01,
       4.7932210792041785e-01, 9.0899819802318094e-03,
       -8.7759198326233956e-01, 9.0257603592003008e-02,
       -3.8976689747360932e-01, 8.9812976444017245e-01,
       -2.0357969412600463e-01, 1.8467461798561763e-01, 0., 0., 0., 1. ]
T2_17: !!opencv-matrix
   rows: 4
   cols: 4
   dt: d
   data: [ 1.3420280084824388e-01, -3.2904305516712995e-01,
       -9.3473005519816643e-01, 7.2875756734006025e-01,
       6.7197422123974637e-01, 7.2347985450152374e-01,
       -1.5820096750554410e-01, -2.7447392225980866e-01,
       7.2831329401139089e-01, -6.0688348797502711e-01,
       3.1820147358166362e-01, 9.4514065817097481e-02, 0., 0., 0., 1. ]
T1_18: !!opencv-matrix
   rows: 4
   cols: 4
   dt: d
   data: [ 6.6548455938678619e-01, 6.7555897713221902e-01,
       3.1741198722456110e-01, 5.5442562710456211e-01,
       4.1405630521500614e-01, 1.9700589194938445e-02,
       -9.1003805574111540e-01, 1.1747171282924657e-02,
       -6.2103758125372144e-01, 7.3704270921123816e-01,
       -2.6660901610614163e-01, 1.9361081321414397e-01, 0., 0., 0., 1. ]
T2_18: !!opencv-matrix
   rows: 4
   cols: 4
   dt: d
   data: [ -8.7995448368201279e-02, -1.7040927055459282e-01,
       -9.8143643786825607e-01, 8.5768310050075924e-01,
       5.2851096507105022e-01, 8.2715907408364486e-01,
       -1.9100792119897655e-01, -1.5995099412290770e-01,
       8.4435357574072412e-01, -5.3550774660142775e-01,
       1.7276934442045033e-02, 2.1241620430146241e-01, 0., 0., 0., 1. ]
T1_19: !!opencv-matrix
   rows: 4
   cols: 4
   dt: d
   data: [ 2.1180566243584686e-01, 9.7649958734106179e-01,
       -3.9836130369906686e-02, 4.6864703432583105e-01,
       -9.6123773420663161e-01, 2.0078663775054251e-01,
       -1.8896228310997307e-01, -2.3301451218018512e-01,
       -1.7652302880194773e-01, 7.8315273245826961e-02,
       9.8117599760645291e-01, 3.1237161960722348e-01, 0., 0., 0., 1. ]
T2_19: !!opencv-matrix
   rows: 4
   cols: 4
   dt: d
   data: [ 1.2249746798372640e-01, -6.9843625690239808e-01,
       -7.0511074689139674e-01, 8.1425552188239569e-01,
       -9.1292591305911430e-01, 1.9939026272391047e-01,
       -3.5610363715647775e-01, 8.7974736525085320e-02,
       3.8930790847702845e-01, 6.8733566630508658e-01,
       -6.1319575522192293e-01, 2.6750837749638945e-01, 0., 0., 0., 1. ]
T1_20: !!opencv-matrix
   rows: 4
   cols: 4
   dt: d
   data: [ 6.2196227369087520e-01, 7.8269183221194660e-01,
       -2.3588681480381873e-02, 6.7965216989635013e-01,
       -7.1930166482289437e-01, 5.5916564666561808e-01,
       -4.1223645468594089e-01, -2.3172081404030548e-01,
       -3.0946412568872916e-01, 2.7336290051454887e-01,
       9.1077147492331101e-01, 2.5002438981803277e-01, 0., 0., 0., 1. ]
T2_20: !!opencv-matrix
   rows: 4
   cols: 4
   dt: d
   data: [ 2.8342339980455222e-01, -7.0414509992135366e-01,
       -6.5103828973415689e-01, 7.1955988967540419e-01,
       -5.9242882638031613e-01, 4.0528643431372480e-01,
       -6.9625497616527532e-01, 1.3573648983017585e-02,
       7.5412151681069961e-01, 5.8302880239145460e-01,
       -3.0228819603999790e-01, 1.0702819443801809e-01, 0., 0., 0., 1. ]
T1_21: !!opencv-matrix
   rows: 4
   cols: 4
   dt: d
   data: [ 6.7922001311210534e-01, 7.3372067968279575e-01,
       1.7723938439515252e-02, 6.3285540728372414e-01,
       -6.0867873273241413e-01, 5.7663091966694258e-01,
       -5.4498347021108651e-01, -3.6502488600653443e-01,
       -4.1008581310166498e-01, 3.5937549539426339e-01,
       8.3825943430591587e-01, 2.2100286459651014e-01, 0., 0., 0., 1. ]
T2_21: !!opencv-matrix
   rows: 4
   cols: 4
   dt: d
   data: [ 2.9503303321566088e-01, -7.2106336863927534e-01,
       -6.2691556665802073e-01, 7.4936969008975718e-01,
       -5.0212477840401060e-01, 4.4121156055147492e-01,
       -7.4377622020904610e-01, 1.5297738312028669e-01,
       8.1291218235691975e-01, 5.3422839426813762e-01,
       -2.3189179919392866e-01, 1.1432905900374901e-01, 0., 0., 0., 1. ]
T1_22: !!opencv-matrix
   rows: 4
   cols: 4
   dt: d
   data: [ 8.1202929601093343e-01, 5.7910369483349122e-01,
       -7.2438477690979663e-02, 6.9914025608593389e-01,
       4.1443772023958658e-01, -6.5956951272990727e-01,
       -6.2706413860134536e-01, 1.9274303440650420e-01,
       -4.1091337099515518e-01, 4.7917321347027708e-01,
       -7.7559218216145442e-01, 2.4075537550332893e-01, 0., 0., 0., 1. ]
T2_22: !!opencv-matrix
   rows: 4
   cols: 4
   dt: d
   data: [ 2.1683581457326939e-01, 4.6551628055275807e-01,
       -8.5806574460158491e-01, 7.6456289051332971e-01,
       6.0748166652306856e-01, 6.2370974652430022e-01,
       4.9188634554025623e-01, -2.9749026656425021e-01,
       7.6416507009722823e-01, -6.2791778492961869e-01,
       -1.4754999495892585e-01, 1.4469117509004381e-01, 0., 0., 0., 1. ]
T1_23: !!opencv-matrix
   rows: 4
   cols: 4
   dt: d
   data: [ 8.0458330800397693e-01, 5.9194334109925184e-01,
       -4.7421318092523423e-02, 5.0187852389697041e-01,
       2.2939076671146391e-01, -3.8346207741784100e-01,
       -8.9461539855399341e-01, 8.9737154562774202e-02,
       -5.4774590516854094e-01, 7.0891460424415620e-01,
       -4.4431352360742671e-01, 2.6860601343245805e-01, 0., 0., 0., 1. ]
T2_23: !!opencv-matrix
   rows: 4
   cols: 4
   dt: d
   data: [ 1.3148221684657813e-01, 1.6928626506010566e-01,
       -9.7675717919814087e-01, 8.5226207562259648e-01,
       4.4343511143851821e-01, 8.7119371038558335e-01,
       2.1068180018242993e-01, -1.8511427441772310e-01,
       8.8661024616040751e-01, -4.6082933874331405e-01,
       3.9479006532353811e-02, 3.0848936210749167e-01, 0., 0., 0., 1. ]
T1_24: !!opencv-matrix
   rows: 4
   cols: 4
   dt: d
   data: [ 6.6784085352499800e-02, 8.5392217257386849e-01,
       -5.1609767402145357e-01, 7.0930760678211213e-01,
       -7.5142382209126624e-01, 3.8334496516508776e-01,
       5.3703712839647400e-01, -7.5943206652696965e-02,
       6.5643135630268556e-01, 3.5194255336532143e-01,
       6.6725880555697026e-01, 3.0407805436939195e-01, 0., 0., 0., 1. ]
T2_24: !!opencv-matrix
   rows: 4
   cols: 4
   dt: d
   data: [ 5.9165029582347251e-01, -3.6444474402630600e-02,
       -8.0537055306083405e-01, 6.7030249150637944e-01,
       -7.3047724660544100e-01, -4.4690689805698258e-01,
       -5.1640799438120644e-01, -1.2762101972500417e-01,
       -3.4110543772231383e-01, 8.9383780673822610e-01,
       -2.9103445775658043e-01, 1.5291075871960635e-01, 0., 0., 0., 1. ]
T1_25: !!opencv-matrix
   rows: 4
   cols: 4
   dt: d
   data: [ -3.1710549742328409e-01, 9.2846933390162145e-01,
       -1.9336183570759574e-01, 6.2060072588603288e-01,
       -5.2059504870526463e-02, 1.8653576151420737e-01,
       9.8106789654383797e-01, -2.7242636217393884e-01,
       9.4696035368782350e-01, 3.2116834476734218e-01,
       -1.0815861631808144e-02, 3.5122712497909292e-01, 0., 0., 0., 1. ]
T2_25: !!opencv-matrix
   rows: 4
   cols: 4
   dt: d
   data: [ 4.4235776378604441e-01, 2.9828143251023059e-01,
       -8.4578235725147100e-01, 6.6023457197495450e-01,
       -1.0687638108834742e-01, -9.1881745703095596e-01,
       -3.7993673133908157e-01, 9.0969276873417937e-02,
       -8.9044766717852009e-01, 2.5846212038674421e-01,
       -3.7456679556725203e-01, 2.2599233742113531e-01, 0., 0., 0., 1. ]
T1_26: !!opencv-matrix
   rows: 4
   cols: 4
   dt: d
   data: [ -3.1537018152353791e-01, 9.1888700191594586e-01,
       2.3704076931138912e-01, 6.6103762441823777e-01,
       2.4914998133494720e-01, -1.6084977298508729e-01,
       9.5501394614499802e-01, 1.0055067571973059e-01,
       9.1567785569304116e-01, 3.6024162480281258e-01,
       -1.7821345727195670e-01, 3.2658968416037853e-01, 0., 0., 0., 1. ]
T2_26: !!opencv-matrix
   rows: 4
   cols: 4
   dt: d
   data: [ 3.7090170843483727e-01, 9.2514173567526267e-02,
       -9.2405251494124330e-01, 7.0694843472518920e-01,
       1.5566953999764999e-01, -9.8714026522258536e-01,
       -3.6346816823541857e-02, -2.5360156631568043e-01,
       -9.1553204039893599e-01, -1.3036573347855515e-01,
       -3.8053364967839487e-01, 2.1801319925052548e-01, 0., 0., 0., 1. ]
T1_27: !!opencv-matrix
   rows: 4
   cols: 4
   dt: d
   data: [ 1.0877841974505031e-02, 7.4204638842958370e-01,
       -6.7026027032234969e-01, 6.8469815139271484e-01,
       -8.4822533241641229e-01, 3.6180833820807279e-01,
       3.8679259539212962e-01, -1.9096884304641015e-01,
       5.2952380305425795e-01, 5.6432427187010514e-01,
       6.3335823842216743e-01, 2.5176003243458001e-01, 0., 0., 0., 1. ]
T2_27: !!opencv-matrix
   rows: 4
   cols: 4
   dt: d
   data: [ 5.2301001352177923e-01, 3.8485912914420384e-02,
       -8.5145719813922049e-01, 6.9919871310179504e-01,
       -8.2888623085310253e-01, -2.0970532264570307e-01,
       -5.1862442475860959e-01, -2.6867628740570859e-03,
       -1.9851484090134280e-01, 9.7700691510408721e-01,
       -7.7777540335943751e-02, 1.4368646256718581e-01, 0., 0., 0., 1. ]
T1_28: !!opencv-matrix
   rows: 4
   cols: 4
   dt: d
   data: [ 1.2752549552590020e-01, 7.1309556171332511e-01,
       -6.8937070423367341e-01, 6.6403394916751723e-01,
       -9.8397046311784708e-01, 1.7831497131011853e-01,
       2.4287277165231935e-03, -1.8967265110634823e-01,
       1.2465703230272657e-01, 6.7801068639913709e-01,
       7.2440467518235141e-01, 1.8899549554281250e-01, 0., 0., 0., 1. ]
T2_28: !!opencv-matrix
   rows: 4
   cols: 4
   dt: d
   data: [ 2.9717065557088207e-01, -3.2492141250324569e-02,
       -9.5427137766179537e-01, 7.5115303986498072e-01,
       -9.4683105877597962e-01, 1.1902106698694292e-01,
       -2.9890622568030706e-01, 2.4399126573547904e-02,
       1.2329050086981275e-01, 9.9235993791076549e-01,
       4.6050000013122538e-03, 1.1702356163014399e-01, 0., 0., 0., 1. ]
T1_29: !!opencv-matrix
   rows: 4
   cols: 4
   dt: d
   data: [ 1.2753686511827644e-01, 7.1309349564446234e-01,
       -6.8937073806868532e-01, 6.6403488488496953e-01,
       -9.8396757355266917e-01, 1.7833091210001284e-01,
       2.4289887711365643e-03, -1.8967241329513185e-01,
       1.2466820858853866e-01, 6.7800866680237859e-01,
       7.2440464210839084e-01, 1.8899641535113459e-01, 0., 0., 0., 1. ]
T2_29: !!opencv-matrix
   rows: 4
   cols: 4
   dt: d
   data: [ 2.9792080607050542e-01, -3.2034831052655532e-02,
       -9.5405291410368243e-01, 7.5125459207868106e-01,
       -9.4679672986717001e-01, 1.1753669752679496e-01,
       -2.9960153044890814e-01, 2.4403104708114368e-02,
       1.2173391320060972e-01, 9.9255170864490627e-01,
       4.6861543875462708e-03, 1.1693394934645063e-01, 0., 0., 0., 1. ]
T1_30: !!opencv-matrix
   rows: 4
   cols: 4
   dt: d
   data: [ 3.0104686716123141e-01, 8.2063837614949320e-01,
       4.8571950687936216e-01, 6.8892444045201262e-01,
       8.4956311895391401e-01, -4.6215618850942319e-01,
       2.5427183158136213e-01, 1.1876093345257319e-01,
       4.3314349895352888e-01, 3.3610164089627059e-01,
       -8.3631477106477625e-01, 1.7861389369828229e-01, 0., 0., 0., 1. ]
T2_30: !!opencv-matrix
   rows: 4
   cols: 4
   dt: d
   data: [ 3.3823892172653869e-01, 2.5122874901472181e-01,
       -9.0690603013640092e-01, 7.9567064876068139e-01,
       9.1093891360193457e-01, -3.2927892474266240e-01,
       2.4852703153991801e-01, -2.4421509458737073e-01,
       -2.3618790721583477e-01, -9.1019750899945562e-01,
       -3.4022899214527591e-01, 8.6605673114300508e-02, 0., 0., 0., 1. ]
T1_31: !!opencv-matrix
   rows: 4
   cols: 4
   dt: d
   data: [ 3.6784013235734947e-01, 9.1493892881647132e-01,
       1.6607345833544809e-01, 4.7084668788146289e-01,
       8.9830743592174200e-01, -3.9578368304101685e-01,
       1.9078528980556506e-01, 9.5260779818847729e-02,
       2.4028605368400621e-01, 7.9006536278058287e-02,
       -9.6748156552479636e-01, 3.0983736076706320e-01, 0., 0., 0., 1. ]
T2_31: !!opencv-matrix
   rows: 4
   cols: 4
   dt: d
   data: [ 2.7698615926558490e-01, 5.4383853692445550e-01,
       -7.9216053507554129e-01, 8.6333089473268809e-01,
       9.5861111407195965e-01, -2.1294548577682559e-01,
       1.8899458210485381e-01, -1.9187492956020355e-01,
       -6.5904472936338609e-02, -8.1172277647183200e-01,
       -5.8031261799468403e-01, 3.0116548276413846e-01, 0., 0., 0., 1. ]
T1_32: !!opencv-matrix
   rows: 4
   cols: 4
   dt: d
   data: [ 7.1363377664270045e-01, 6.7683440913030080e-01,
       1.8061565671866053e-01, 4.2579881775903544e-01,
       5.8489697144010078e-01, -4.3380962033814052e-01,
       -6.8535009017455895e-01, 9.8348242630728069e-02,
       -3.8551571386244987e-01, 5.9473052378309521e-01,
       -7.0545959377260603e-01, 2.0129624961360487e-01, 0., 0., 0., 1. ]
T2_32: !!opencv-matrix
   rows: 4
   cols: 4
   dt: d
   data: [ 1.2509301279699425e-01, 2.6496602915191581e-01,
       -9.5610916821503034e-01, 9.5217086541351870e-01,
       7.2917891177214578e-01, 6.2893598100104842e-01,
       2.6969917765732621e-01, -1.7199969741254828e-01,
       6.7279257782481527e-01, -7.3091212549643403e-01,
       -1.1453214407372636e-01, 3.0097038670807064e-01, 0., 0., 0., 1. ]
T1_33: !!opencv-matrix
   rows: 4
   cols: 4
   dt: d
   data: [ 6.6231245510262204e-01, 6.0582549872471314e-01,
       4.4081478753654557e-01, 5.7135681009412498e-01,
       7.4147045000854694e-01, -6.1444678518286677e-01,
       -2.6958620132077049e-01, 2.9093481867179360e-01,
       1.0753503419844213e-01, 5.0540143774369373e-01,
       -8.5615746399044323e-01, 1.5836191099670732e-01, 0., 0., 0., 1. ]
T2_33: !!opencv-matrix
   rows: 4
   cols: 4
   dt: d
   data: [ 4.3226472397496341e-01, 2.1471398837568750e-01,
       -8.7581111639591225e-01, 9.1563567481122321e-01,
       8.6281746474788479e-01, 1.8380910502712100e-01,
       4.7091425486510985e-01, -3.6923998042719208e-01,
       2.6209393532258918e-01, -9.5922474744187769e-01,
       -1.0580478704758400e-01, 1.9018835425106989e-01, 0., 0., 0., 1. ]
T1_34: !!opencv-matrix
   rows: 4
   cols: 4
   dt: d
   data: [ 4.9742558291128791e-01, 8.4577438142415007e-01,
       -1.9295980201057819e-01, 5.7863179098177397e-01,
       8.5899852415863331e-01, -5.1128383612909456e-01,
       -2.6652849874014589e-02, 1.3596517081354420e-01,
       -1.2119952540606446e-01, -1.5249437576420002e-01,
       -9.8084460563415998e-01, 3.0915164996383637e-01, 0., 0., 0., 1. ]
T2_34: !!opencv-matrix
   rows: 4
   cols: 4
   dt: d
   data: [ 1.7175838410624489e-01, 8.0807059987959429e-01,
       -5.6348998491494451e-01, 8.2053108362074489e-01,
       9.4327177164779474e-01, 3.0079870539739706e-02,
       3.3065626593298270e-01, -2.3633980149746331e-01,
       2.8414331296309348e-01, -5.8831718230776264e-01,
       -7.5706371640689030e-01, 2.1283612219106018e-01, 0., 0., 0., 1. ]
T1_35: !!opencv-matrix
   rows: 4
   cols: 4
   dt: d
   data: [ 8.4640647461985774e-01, 5.1256354211776600e-01,
       -1.4448077731405359e-01, 6.6386785374747470e-01,
       1.1704186094297539e-01, -4.4371993439326829e-01,
       -8.8848962999521763e-01, 4.0047597145385638e-02,
       -5.1951639291613239e-01, 7.3511307641322965e-01,
       -4.3555881620934733e-01, 1.9614289790389355e-01, 0., 0., 0., 1. ]
T2_35: !!opencv-matrix
   rows: 4
   cols: 4
   dt: d
   data: [ 2.0961455853935584e-01, 2.1712927637626228e-01,
       -9.5337118384639219e-01, 7.8507999400481365e-01,
       3.1464556880904099e-01, 9.0819122962534760e-01,
       2.7601966680009277e-01, -1.4968521093005166e-01,
       9.2577529826474947e-01, -3.5783175903197845e-01,
       1.2205133899672749e-01, 1.4581775313808670e-01, 0., 0., 0., 1. ]
T1_36: !!opencv-matrix
   rows: 4
   cols: 4
   dt: d
   data: [ 3.7126454555942412e-01, 8.7392679264330564e-01,
       -3.1371101082164632e-01, 5.8248867197137677e-01,
       -6.7152325262018064e-01, 1.9381058202058710e-02,
       -7.4072997493916870e-01, -1.1044330546779516e-01,
       -6.4126371985398278e-01, 4.8567101589775069e-01,
       5.9405766211360278e-01, 2.1022478441316583e-01, 0., 0., 0., 1. ]
T2_36: !!opencv-matrix
   rows: 4
   cols: 4
   dt: d
   data: [ 1.6659260597762438e-01, -6.0649321178859905e-02,
       -9.8415881008815231e-01, 7.8220988129392088e-01,
       -5.0926007054255373e-01, 8.4938713023569390e-01,
       -1.3854848805008846e-01, -2.8325780404912584e-02,
       8.4433469914754633e-01, 5.2427393872909211e-01,
       1.1061533792791589e-01, 1.6217132998101530e-01, 0., 0., 0., 1. ]
T1_37: !!opencv-matrix
   rows: 4
   cols: 4
   dt: d
   data: [ -1.9441238171343933e-01, 8.9731432108010278e-01,
       -3.9627116349926639e-01, 6.8960533139533953e-01,
       -9.0341326723024673e-01, -3.2117892840632445e-01,
       -2.8405732615114221e-01, -3.5568488073739066e-02,
       -3.8216265441416319e-01, 3.0277236520580875e-01,
       8.7308682296710982e-01, 2.4872870951410864e-01, 0., 0., 0., 1. ]
T2_37: !!opencv-matrix
   rows: 4
   cols: 4
   dt: d
   data: [ -3.1095250459270130e-01, -3.3169950358180988e-01,
       -8.9066490848753377e-01, 7.3045979529625071e-01,
       -9.1620784060027705e-01, 3.5380680394376784e-01,
       1.8810618890848213e-01, -8.5794134158630284e-02,
       2.5272857517523323e-01, 8.7452626307428716e-01,
       -4.1392279773312746e-01, 1.0973933042273720e-01, 0., 0., 0., 1. ]
T1_38: !!opencv-matrix
   rows: 4
   cols: 4
   dt: d
   data: [ 3.8063753110222365e-03, 9.9793511540669089e-01,
       -6.4117212550346747e-02, 7.1979508041626583e-01,
       -7.1541820150068314e-01, -4.2080889613292261e-02,
       -6.9742812940896060e-01, -1.1536649219132182e-01,
       -6.9868613015324676e-01, 4.8525294101000760e-02,
       7.1378076981934147e-01, 3.1156304955256686e-01, 0., 0., 0., 1. ]
T2_38: !!opencv-matrix
   rows: 4
   cols: 4
   dt: d
   data: [ -3.9431602087745166e-01, -5.4421394974904636e-01,
       -7.4050391800308246e-01, 6.6989715564506536e-01,
       -7.1426380990230021e-01, 6.8850421857904109e-01,
       -1.2565488793801338e-01, -4.7995529348591387e-02,
       5.7822321428945067e-01, 4.7936741430494267e-01,
       -6.6020057297715962e-01, 9.7890706857020060e-02, 0., 0., 0., 1. ]
T1_39: !!opencv-matrix
   rows: 4
   cols: 4
   dt: d
   data: [ 1.6094346919074609e-01, 8.0885856673762757e-01,
       -5.6554842298427321e-01, 6.9268652240710571e-01,
       -4.6726119448337955e-01, -4.4228596216902005e-01,
       -7.6553909357928251e-01, 2.3820255752516001e-01,
       -8.6934698242693231e-01, 3.8746734918361198e-01,
       3.0676518293608901e-01, 2.6469154622581226e-01, 0., 0., 0., 1. ]
T2_39: !!opencv-matrix
   rows: 4
   cols: 4
   dt: d
   data: [ -4.2940670767355904e-01, 1.0018862986854421e-01,
       -8.9753669443093986e-01, 7.6046223298833993e-01,
       -4.2643219200120969e-01, 8.5356695861478671e-01,
       2.9929756562014731e-01, -3.5208333630226235e-01,
       7.9609387953305977e-01, 5.1125892227536407e-01,
       -3.2380372042926742e-01, 1.4986963981954277e-01, 0., 0., 0., 1. ]
T1_40: !!opencv-matrix
   rows: 4
   cols: 4
   dt: d
   data: [ 7.0129770554973503e-01, 7.1028964232298120e-01,
       -6.0581781084486808e-02, 5.2559021096599035e-01,
       3.5538169187393442e-02, -1.1971229837527653e-01,
       -9.9217236614840132e-01, -3.6225237910501092e-02,
       -7.1198213932758558e-01, 6.9365523830387132e-01,
       -1.0919635365759395e-01, 2.4527324668378570e-01, 0., 0., 0., 1. ]
T2_40: !!opencv-matrix
   rows: 4
   cols: 4
   dt: d
   data: [ -5.9154826069737432e-02, -4.0445381327263344e-02,
       -9.9742913416540591e-01, 8.3080677743610576e-01,
       1.7250783247199108e-01, 9.8373214769994788e-01,
       -5.0120946893125198e-02, -9.0985668562105840e-02,
       9.8323026514061007e-01, -1.7502923387520231e-01,
       -5.1215359030130303e-02, 2.5544014847331042e-01, 0., 0., 0., 1. ]
T1_41: !!opencv-matrix
   rows: 4
   cols: 4
   dt: d
   data: [ 7.9177351963952103e-01, 6.1012443572418373e-01,
       -2.9032163713567205e-02, 7.6474743433113312e-01,
       -9.2281136600439961e-02, 7.2500303350194861e-02,
       -9.9309007539188543e-01, -8.1596813793569895e-02,
       -6.0380368119561512e-01, 7.8898154537756837e-01,
       1.1370679675484652e-01, 1.7916249146058572e-01, 0., 0., 0., 1. ]
T2_41: !!opencv-matrix
   rows: 4
   cols: 4
   dt: d
   data: [ 1.2167610166244780e-01, -2.1721729983291480e-01,
       -9.6850997461953237e-01, 7.0456150495939929e-01,
       9.2682627386763389e-02, 9.7398322061663323e-01,
       -2.0680091038952664e-01, -1.0444089960775162e-01,
       9.8823319963706735e-01, -6.4601320501582959e-02,
       1.3864275143164073e-01, 5.3966948185689478e-02, 0., 0., 0., 1. ]
